0.024923783 0.4184028 0.46604937
0.02993429 0.6770833 0.44444445
0.031165142 0.47743055 0.3271605
0.036883865 0.2170139 0.1574074
0.04198148 0.5399306 0.3148148
0.044799183 0.30729166 0.30555555
0.04734799 0.4375 0.6419753
0.04901816 0.6336806 0.2777778
0.05024901 0.4097222 0.23148148
0.05147986 0.35416666 0.63580245
0.0523585 0.20833333 0.6111111
0.05332803 0.5347222 0.42901236
0.054380883 0.7447917 0.6419753
0.055350415 0.59375 0.3919753
0.056141946 0.4965278 0.5277778
0.057198584 0.3263889 0.40432099
0.058251433 0.515625 0.44444445
0.059130073 0.6475694 0.39506173
0.060012497 0.44618055 0.3425926
0.06097824 0.38020834 0.40123457
0.061769772 0.453125 0.5833333
0.0625613 0.4392361 0.74382716
0.064848796 0.5711806 0.6018519
0.06581454 0.3472222 0.5092593
0.066780284 0.6961806 0.37962964
0.06766271 0.3402778 0.34876543
0.06889356 0.609375 0.3148148
0.07012441 0.3767361 0.42901236
0.071268156 0.578125 0.33950618
0.0724119 0.359375 0.25308642
0.073290534 0.38541666 0.54012346
0.07425628 0.6371528 0.60493827
0.07531292 0.5850694 0.24691358
0.07619156 0.36805555 0.32098764
0.07724819 0.4097222 0.58950615
0.07794883 0.6440972 0.49382716
0.078740366 0.65625 0.23765433
0.07979701 0.3315972 0.2654321
0.08085364 0.3472222 0.5092593
0.08199739 0.47916666 0.46604937
0.083667554 0.4982639 0.5339506
0.0846333 0.4097222 0.25
0.08551194 0.546875 0.4845679
0.086481474 0.44791666 0.5185185
0.087886535 0.39583334 0.5833333
0.090086915 0.44791666 0.4845679
0.092196405 0.44791666 0.33333334
0.09421879 0.6111111 0.45679012
0.096154064 0.36979166 0.5
0.09782423 0.48958334 0.38271606
0.09905508 0.578125 0.6882716
0.10028593 0.34375 0.4228395
0.10424359 0.39930555 0.4691358
0.10732262 0.5434028 0.37962964
0.027586207 0.4982639 0.40123457
0.029873695 0.7118056 0.3425926
0.030752335 0.5659722 0.5802469
0.034444887 0.3454861 0.5771605
0.03681948 0.4670139 0.5308642
0.037876118 0.47395834 0.30555555
0.04015982 0.3715278 0.66358024
0.04103846 0.2673611 0.42901236
0.041829992 0.5885417 0.3271605
0.044643905 0.5989583 0.5277778
0.04534833 0.4236111 0.41666666
0.04596565 0.6059028 0.537037
0.04675718 0.6666667 0.6728395
0.047457818 0.7152778 0.37654322
0.049832415 0.4201389 0.40123457
0.051415477 0.6354167 0.6203704
0.052297905 0.4704861 0.42901236
0.053089436 0.6128472 0.37037036
0.053790074 0.5017361 0.5648148
0.054581605 0.3628472 0.2191358
0.05546403 0.49131945 0.6234568
0.05634267 0.6336806 0.47839507
0.057043307 0.4982639 0.3148148
0.057834838 0.35069445 0.47530866
0.058626372 0.5017361 0.4845679
0.061000966 0.7638889 0.46296296
0.063553564 0.4045139 0.19753087
0.06504573 0.7447917 0.4351852
0.0670719 0.4097222 0.4537037
0.06918139 0.6770833 0.33641976
0.071377985 0.30208334 0.37962964
0.07340037 0.5503472 0.5092593
0.07524854 0.7447917 0.5648148
0.07735803 0.3125 0.35185185
0.079119086 0.38368055 0.64506173
0.08096347 0.5173611 0.29012346
0.08202011 0.4652778 0.50617284
0.082985856 0.5538194 0.72530866
0.08386828 0.6753472 0.7685185
0.08456892 0.7552083 0.6111111
0.08641709 0.33506945 0.59876543
0.087913044 0.6510417 0.41666666
0.090022534 0.3715278 0.4845679
0.09221913 0.5798611 0.52469134
0.09380219 0.4861111 0.2808642
0.09450662 0.5277778 0.44444445
0.09573747 0.41493055 0.5123457
0.096529 0.4861111 0.41666666
0.09714632 0.5590278 0.5555556
0.09775985 0.5329861 0.5925926
0.09846428 0.4826389 0.4537037
0.09925581 0.5538194 0.3611111
0.09996024 0.5260417 0.43209878
0.100399554 0.49479166 0.50308645
0.10083887 0.5034722 0.49691358
0.1015433 0.4965278 0.49691358
0.10206972 0.5277778 0.44753087
0.10294836 0.375 0.29012346
0.10356568 0.5329861 0.4691358
0.104092106 0.6006944 0.47530866
0.104970746 0.421875 0.50308645
0.10690602 0.6423611 0.5
0.10752334 0.5052083 0.3919753
0.10866708 0.4826389 0.3580247
0.10971993 0.4236111 0.4537037
0.033691227 0.3125 0.537037
0.037648886 0.5555556 0.35185185
0.041167226 0.6041667 0.55864197
0.042310968 0.5138889 0.46604937
0.043276716 0.42708334 0.4845679
0.045564204 0.6197917 0.4845679
0.047408585 0.49131945 0.37654322
0.04811301 0.5902778 0.39506173
0.04916965 0.4253472 0.5
0.052335776 0.3940972 0.47530866
0.053036414 0.5329861 0.4814815
0.055763222 0.4496528 0.47839507
0.056732755 0.421875 0.5771605
0.057433393 0.4201389 0.57098764
0.058664244 0.39583334 0.49691358
0.05928156 0.4670139 0.50308645
0.05989888 0.515625 0.42901236
0.060425308 0.5243056 0.41666666
0.06112973 0.6319444 0.6265432
0.06183037 0.5138889 0.60493827
0.06306122 0.5711806 0.3611111
0.06490939 0.46875 0.595679
0.06534871 0.4253472 0.48765433
0.06605314 0.4027778 0.59876543
0.066844665 0.28645834 0.4228395
0.06737109 0.3628472 0.35493827
0.068075515 0.4965278 0.38271606
0.068779945 0.484375 0.50617284
0.069832794 0.5434028 0.39506173
0.07053722 0.43055555 0.46296296
0.07097654 0.38541666 0.45061728
0.07176807 0.4722222 0.5555556
0.07229828 0.5538194 0.4722222
0.07299892 0.5815972 0.55864197
0.07361624 0.5364583 0.60493827
0.07484709 0.36458334 0.6481481
0.07546062 0.421875 0.69135803
0.076343045 0.7222222 0.64506173
0.07695658 0.6684028 0.41666666
0.07748679 0.6875 0.41975307
0.07810032 0.7291667 0.63271606
0.079683386 0.48958334 0.72839504
0.08082713 0.25868055 0.66358024
0.08197088 0.41666666 0.41049382
0.08302373 0.6024306 0.47839507
0.0873336 0.578125 0.33950618
0.08962109 0.5277778 0.6296296
0.09146926 0.4236111 0.34876543
0.09366585 0.4409722 0.5555556
0.09568823 0.25520834 0.41666666
0.09982011 0.4965278 0.4074074
0.101668276 0.5885417 0.55864197
0.10245981 0.44444445 0.49382716
0.10307713 0.4340278 0.41975307
0.10369066 0.47743055 0.4228395
0.10421708 0.49479166 0.38580248
0.10492151 0.5260417 0.40123457
0.10544793 0.5399306 0.41358024
0.10615236 0.53125 0.42901236
0.10676968 0.5121528 0.4722222
0.1072961 0.5069444 0.50617284
0.10791343 0.49131945 0.5092593
0.108704954 0.43229166 0.4228395
0.10949649 0.4496528 0.37654322
0.11019713 0.375 0.44444445
0.085269555 0.5017361 0.4722222
0.08579598 0.5034722 0.50617284
0.086500406 0.5052083 0.4537037
0.08711394 0.45833334 0.42592594
0.08781836 0.47395834 0.5
0.08852279 0.5017361 0.4845679
0.088875 0.4982639 0.46604937
0.08940143 0.47916666 0.49074075
0.09212823 0.46875 0.37654322
0.09291977 0.3923611 0.50308645
0.0937113 0.515625 0.42592594
0.09423772 0.453125 0.44753087
0.09485504 0.5243056 0.4845679
0.095555685 0.4513889 0.37037036
0.09626011 0.49131945 0.5308642
0.096877426 0.5607639 0.44753087
0.09758185 0.46006945 0.42901236
0.098282486 0.5034722 0.36419752
0.098986916 0.4513889 0.4814815
0.09977844 0.4826389 0.38271606
0.10048287 0.42708334 0.41358024
0.10144862 0.46354166 0.44444445
0.101887934 0.49305555 0.46604937
0.102592364 0.5295139 0.38580248
0.103470996 0.5520833 0.49382716
0.10391032 0.4982639 0.28703704
0.10514117 0.5607639 0.46604937
0.10575849 0.5017361 0.4814815
0.1061107 0.5138889 0.36419752
0.106902234 0.4652778 0.4228395
0.10769376 0.4826389 0.31790122
0.10822019 0.515625 0.41666666
0.10892461 0.4861111 0.37962964
0.109538145 0.46180555 0.44444445
0.092825085 0.5034722 0.3580247
0.093529515 0.44791666 0.4722222
0.09423015 0.5225694 0.5092593
0.094760366 0.5190972 0.48765433
0.095461 0.421875 0.39506173
0.09607832 0.5069444 0.41358024
0.096782744 0.5208333 0.41358024
0.09739628 0.4652778 0.4382716
0.09845292 0.5052083 0.41358024
0.099066444 0.5434028 0.41049382
0.10003598 0.5989583 0.44753087
0.10064951 0.47743055 0.4351852
0.101001725 0.4375 0.4074074
0.10205836 0.5086806 0.4537037
0.10267189 0.5434028 0.45987654
0.103202105 0.5451389 0.36419752
0.103906535 0.47916666 0.4351852
0.10460717 0.5381944 0.52469134
0.10522449 0.5243056 0.45061728
0.10698176 0.5659722 0.43209878
0.10759909 0.49479166 0.4074074
0.108651936 0.44791666 0.40123457
0.10918215 0.4670139 0.46604937
0.10979568 0.4357639 0.5308642
0.0917533 0.4392361 0.36728394
0.09236683 0.4704861 0.49074075
0.09298415 0.5017361 0.39814815
0.09377568 0.4670139 0.5
0.09447632 0.4409722 0.5277778
0.09509364 0.5034722 0.4691358
0.09579807 0.40625 0.44135803
0.096498705 0.4513889 0.4814815
0.09755534 0.44618055 0.63580245
0.09808177 0.5607639 0.595679
0.09843398 0.47916666 0.45679012
0.0990513 0.39583334 0.46296296
0.09975573 0.5260417 0.50308645
0.100808576 0.3784722 0.30864197
0.10124789 0.3940972 0.4722222
0.10186521 0.4496528 0.55246913
0.10221743 0.5694444 0.5925926
0.103008956 0.46354166 0.58950615
0.10344828 0.42708334 0.54012346
0.104061805 0.46875 0.38580248
0.10503134 0.41666666 0.49691358
0.105644874 0.5173611 0.52160496
0.1064364 0.5 0.49691358
0.10714083 0.4548611 0.4074074
0.10801946 0.43229166 0.29320988
0.108811 0.41319445 0.44135803
0.109250315 0.43055555 0.45679012
0.109954745 0.45833334 0.4814815
0.0919616 0.5954861 0.46604937
0.09477551 0.3888889 0.5833333
0.09609347 0.5954861 0.712963
0.096532784 0.5069444 0.4228395
0.09697211 0.4253472 0.54012346
0.09767653 0.4878472 0.49691358
0.09820674 0.3871528 0.41358024
0.09882028 0.5190972 0.44753087
0.099437594 0.53125 0.5154321
0.10005113 0.4409722 0.4845679
0.10075555 0.4670139 0.58641976
0.10110777 0.4722222 0.4537037
0.101721294 0.4375 0.5308642
0.10216062 0.5190972 0.52160496
0.10286504 0.42881945 0.37345678
0.10348236 0.5659722 0.4537037
0.10409589 0.5104167 0.45061728
0.10471321 0.4201389 0.42592594
0.10532674 0.5121528 0.5092593
0.10611828 0.5694444 0.59876543
0.106735595 0.5034722 0.5493827
0.10726202 0.4496528 0.49382716
0.107792236 0.5243056 0.46604937
0.10840576 0.3784722 0.42592594
0.108845085 0.421875 0.54320985
0.10954951 0.5225694 0.58950615
0.11016304 0.49479166 0.49382716
0.10159253 0.4565972 0.4074074
0.10220985 0.4704861 0.4845679
0.10264917 0.47743055 0.33950618
0.103175595 0.421875 0.47530866
0.10396713 0.4826389 0.42592594
0.10458445 0.4045139 0.5
0.105285086 0.5017361 0.49382716
0.10607661 0.3923611 0.5
0.10678104 0.5190972 0.5617284
0.10722036 0.46180555 0.43209878
0.108099 0.44270834 0.44444445
0.10871632 0.44618055 0.537037
0.109242745 0.47916666 0.4228395
0.110473596 0.515625 0.50617284
0.082493514 0.5173611 0.40432099
0.08319794 0.4409722 0.43209878
0.08381147 0.5017361 0.47839507
0.08434168 0.4861111 0.4382716
0.084955215 0.4375 0.4382716
0.08565964 0.4722222 0.42901236
0.08627696 0.43229166 0.41975307
0.08741692 0.47743055 0.4691358
0.08812134 0.4809028 0.46296296
0.103535384 0.5225694 0.42901236
0.1040656 0.4409722 0.4691358
0.10459202 0.43055555 0.4845679
0.105118446 0.4809028 0.45061728
0.10617509 0.49479166 0.5
0.106792405 0.49479166 0.49382716
0.107845254 0.47569445 0.43209878
0.10846257 0.47569445 0.45987654
0.109166995 0.4878472 0.5493827
0.10960632 0.4878472 0.52160496
0.11021985 0.4965278 0.49074075
